Accuracy: 0.9431818181818182
F1-Score: 0.9435962932060609