Accuracy: 0.9318181818181818
F1-Score: 0.9321501415251415