Accuracy: 0.928030303030303
F1-Score: 0.9273918487646923