Accuracy: 0.9866666666666667
F1-Score: 0.9868154308037788