Accuracy: 0.9523809523809523
F1-Score: 0.9505585328230175