Accuracy: 0.9706666666666667
F1-Score: 0.9706694721299373