Accuracy: 0.9166666666666666
F1-Score: 0.9162935323383085