Accuracy: 0.7261904761904762
F1-Score: 0.7269865521966362