Accuracy: 0.9393939393939394
F1-Score: 0.9398650809775486