Accuracy: 0.9813333333333333
F1-Score: 0.9811268888155725