Accuracy: 0.946969696969697
F1-Score: 0.9469008914396009