Accuracy: 0.2619047619047619
F1-Score: 0.2601673829391221