Accuracy: 0.9866666666666667
F1-Score: 0.9867168203944057