Accuracy: 0.8928571428571429
F1-Score: 0.8921495658337764