Accuracy: 0.9583333333333334
F1-Score: 0.9575757575757576