Accuracy: 0.9818181818181818
F1-Score: 0.9817560217560217