Accuracy: 0.9090909090909091
F1-Score: 0.9087017069874301