Accuracy: 0.6904761904761905
F1-Score: 0.6859077568225358