Accuracy: 0.8214285714285714
F1-Score: 0.8192929218471013