Accuracy: 0.9813333333333333
F1-Score: 0.9815173309756418