Accuracy: 0.8809523809523809
F1-Score: 0.8819196538264427