Accuracy: 0.946969696969697
F1-Score: 0.9468693682289822