Accuracy: 0.9733333333333334
F1-Score: 0.9736686566080647