Accuracy: 0.9880952380952381
F1-Score: 0.9880654015992361